#/Users/alanli/anaconda3/envs/py3env/lib/python3.6/site-packages/ipykernel_launcher.py -f /Users/alanli/Library/Jupyter/runtime/kernel-f7423c51-3c2f-4945-8160-3087f6ed7c2b.json
# GMT Thu Mar 29 23:57:44 2018
# watts_strogatz_graph(50,6,0.1)
0 1 49 48 3 47 21
1 2 3 49 4 48
2 4 5 49 34
3 4 5 6
4 5 6 7
5 6 7 8
6 7 8 9
7 8 9 10
8 9 10 11
9 10 11 12 33
10 11 12 13 42
11 13 14 27
12 13 14 15
13 14 15 16 32
14 15 16 17 20 18
15 16 17 18
16 17 18 19
17 18 19 20
18 19 20
19 20 21 22 40
20 22 23
21 23 24 46 47 34
22 23 24 25
23 24 25 39
24 25 26 27
25 26 27 28
26 27 28 29
27 28 29 30
28 29 30 31
29 30 31 32
30 31 32 33
31 32 33 34
32 33 35
33 34 36
34 35 37
35 36 37 38
36 37 38 39
37 38 39 40
38 39 40 41
39 40 41 42
40 41 43
41 42 43 44
42 43 44
43 44 45 46
44 45 46 47
45 46 47 48
46 47 48 49
47 49
48 49
49
