#/Users/alanli/anaconda3/envs/py3env/lib/python3.6/site-packages/ipykernel_launcher.py -f /Users/alanli/Library/Jupyter/runtime/kernel-f7423c51-3c2f-4945-8160-3087f6ed7c2b.json
# GMT Thu Mar 29 23:57:44 2018
# watts_strogatz_graph(50,6,0.1)
0 1 49 2 48 3
1 2 49 4 48 40
2 3 4 5 49
3 6 31 36
4 5 6 18
5 6 8 13
6 7 8 9
7 8 10 37
8 10 11 40 41 47
9 10 11 12 39
10 11 12 13 31
11 12 13 14 39
12 13 14 15
13 14 15 16
14 15 16 17
15 16 17 18 28
16 17 18 19
17 18 19 20
18 19 20 21
19 20 21 22
20 21 22 48
21 22 23 39
22 23 24 25 36
23 24 25 26 41
24 25 26 27
25 26 27 28
26 27 28 29 47
27 28 29 30 31
28 30 31
29 30 31 32
30 31 32 33
31 34 32 44
32 33 35
33 34 35 36
34 35 36 37
35 36 37 38
36 37 38
37 38 39 40 42
38 39 40 41
39 40
40 41 42 43
41 43
42 43 44
43 44 45 46
44 45 47
45 46 47 48
46 47 48 49
47 49
48 49
49
